get_oauth_session: 0.0004596710205078125 seconds
outlook.post: 0.681251049041748 seconds
